Sample	FastQC_mqc-generalstats-fastqc-percent_duplicates	FastQC_mqc-generalstats-fastqc-percent_gc	FastQC_mqc-generalstats-fastqc-avg_sequence_length	FastQC_mqc-generalstats-fastqc-percent_fails	FastQC_mqc-generalstats-fastqc-total_sequences
ERR062334_1	43.2411841185608	49.0	101.0	20.0	35853815.0
ERR062334_2	43.94664228342337	49.0	101.0	20.0	35853815.0
ERR062335_1	37.37223514364514	48.0	90.56418404086013	9.090909090909092	39835806.0
ERR062335_2	40.20026440949762	48.0	93.48960044258511	18.181818181818183	39404850.0
ERR062336_1	40.010385448076725	46.0	91.07587765488192	9.090909090909092	46650427.0
ERR062336_2	42.6399437511248	46.0	93.58556591036741	18.181818181818183	45903082.0
ERR062337_1	43.238807775309006	47.0	90.63795554091088	9.090909090909092	42833941.0
ERR062337_2	46.24430824215542	47.0	93.23678889358632	18.181818181818183	42025303.0
ERR062338_1	38.83906960839853	47.0	90.99778099790836	9.090909090909092	41551110.0
ERR062338_2	41.41144641936921	47.0	93.52212959449429	18.181818181818183	40907957.0
ERR164473_1	38.74164118991268	47.0	94.7486977653901	9.090909090909092	20855497.0
ERR164473_2	34.8823823717084	47.0	88.18130834154559	18.181818181818183	20953443.0
ERR164474_1	43.57676423959275	48.0	94.9282779236711	9.090909090909092	38979393.0
ERR164474_2	37.38623841112868	47.0	87.67108864595636	18.181818181818183	38519704.0
ERR164475_1	41.956749810980156	48.0	94.69688595115655	9.090909090909092	33692503.0
ERR164475_2	35.98307923802756	47.0	87.55812741279297	18.181818181818183	33421589.0
ERR164476_1	39.8006401409226	48.0	94.68681487904246	9.090909090909092	29533836.0
ERR164476_2	35.69505318946679	48.0	88.18505248375685	18.181818181818183	29516275.0
ERR164477_1	50.59382938402975	50.0	94.42353186387244	18.181818181818183	33018413.0
ERR164477_2	44.670197790720046	49.0	87.22546256154976	18.181818181818183	32762721.0
ERR164478_1	47.65498963740226	48.0	94.66596531450453	9.090909090909092	39667186.0
ERR164478_2	40.613780541419096	48.0	87.4519340783956	18.181818181818183	39296313.0
ERR164479_1	37.37345508573855	47.0	95.00495766082292	9.090909090909092	26856214.0
ERR164479_2	33.44215856435085	46.0	88.48755111219289	18.181818181818183	26799623.0
ERR164480_1	40.75877049043834	48.0	95.57358569282306	9.090909090909092	27962861.0
ERR164480_2	36.71829613144112	48.0	88.25389129849044	18.181818181818183	27961746.0
ERR164481_1	43.12157050177178	48.0	95.46231821813726	9.090909090909092	25437425.0
ERR164481_2	39.34258702733757	48.0	88.18021851134205	18.181818181818183	25409665.0
ERR164482_1	42.69610100322423	48.0	95.59481158548483	9.090909090909092	31276067.0
ERR164482_2	39.18873035050342	48.0	88.55609532073096	18.181818181818183	31264007.0
ERR164483_1	42.52310272062124	48.0	95.49810513063123	9.090909090909092	28517797.0
ERR164483_2	31.57584052067463	48.0	86.60725332212182	18.181818181818183	27400410.0
ERR164484_1	40.35432449798635	47.0	95.75983251470694	9.090909090909092	31340304.0
ERR164484_2	37.669969665848754	47.0	89.04069331219749	18.181818181818183	31400688.0
ERR164485_1	48.410317980469706	48.0	95.45071492486082	9.090909090909092	33668783.0
ERR164485_2	44.85438537558617	48.0	88.3236018914995	18.181818181818183	33661336.0
ERR164486_1	43.04567272668442	48.0	95.57676682993653	9.090909090909092	35334343.0
ERR164486_2	39.40518568899646	47.0	88.27022059006171	18.181818181818183	35226383.0
ERR164487_1	43.784606518574954	48.0	95.03384594629665	9.090909090909092	32051667.0
ERR164487_2	37.5238367658708	48.0	88.72882793899251	18.181818181818183	31855236.0
ERR164488_1	40.45111046723808	47.0	94.96467477155358	9.090909090909092	35840023.0
ERR164488_2	34.78966796187723	47.0	88.64822457360525	18.181818181818183	35634820.0
ERR164489_1	54.62176777860869	49.0	94.87117831602473	18.181818181818183	27582507.0
ERR164489_2	46.685928988464966	48.0	88.20607166980207	18.181818181818183	27347864.0
ERR164490_1	36.30457511253887	47.0	95.31281296811093	9.090909090909092	28425420.0
ERR164490_2	31.163848750636717	47.0	89.15755408339238	18.181818181818183	28309060.0
ERR164491_1	43.82591301092865	48.0	94.91057520022171	9.090909090909092	36695570.0
ERR164491_2	37.58886469285512	48.0	88.4772003454178	18.181818181818183	36487987.0
ERR164492_1	51.67995227718139	48.0	95.29629676397767	18.181818181818183	28984596.0
ERR164492_2	45.15608979747531	47.0	89.14012593366768	18.181818181818183	28802941.0
ERR164493_1	42.80641328143508	48.0	95.19196343830437	9.090909090909092	28274181.0
ERR164493_2	34.75679497950959	48.0	87.69695830270429	18.181818181818183	27770482.0
ERR164494_1	43.799691225338165	48.0	95.07035106266393	9.090909090909092	30477180.0
ERR164494_2	36.3555520359793	47.0	88.22232621142959	18.181818181818183	30214674.0
ERR164495_1	41.14860347873746	47.0	95.16403536101099	9.090909090909092	27273089.0
ERR164495_2	33.69366236981118	47.0	87.93045090564567	18.181818181818183	26760521.0
ERR164496_1	41.86682862358462	48.0	94.97281766504985	9.090909090909092	25620941.0
ERR164496_2	35.56801876256503	48.0	88.47120670995055	18.181818181818183	25485851.0
ERR164497_1	45.01106504485447	50.0	94.84723296523141	9.090909090909092	23890213.0
ERR164497_2	37.06975886806819	50.0	87.61752539449341	18.181818181818183	23582967.0
ERR164498_1	39.52811312501272	48.0	95.11507211416735	9.090909090909092	29147948.0
ERR164498_2	30.98914932669703	47.0	87.75998119006705	18.181818181818183	28631681.0
ERR164499_1	40.16191572188191	48.0	95.11968112606299	9.090909090909092	26208978.0
ERR164499_2	33.65427828115071	48.0	88.42272520354499	18.181818181818183	25976445.0
ERR164500_1	50.79035272101028	49.0	93.82863291615031	18.181818181818183	46132430.0
ERR164500_2	50.35885766480483	49.0	93.48003276009092	18.181818181818183	46187906.0
ERR164501_1	47.140534085864076	48.0	94.0102916534805	9.090909090909092	43261853.0
ERR164501_2	46.98668973935614	48.0	93.7679170806128	9.090909090909092	43408425.0
ERR164502_1	46.19993127689921	48.0	94.01638994152177	9.090909090909092	46865817.0
ERR164502_2	45.742443051249616	48.0	93.6167918927417	9.090909090909092	46881743.0
ERR164503_1	49.518863060753745	49.0	93.87213521837786	9.090909090909092	42463577.0
ERR164503_2	48.99682245820938	49.0	93.47437787032256	9.090909090909092	42373722.0
ERR164504_1	44.92916530779326	48.0	94.04436309512703	9.090909090909092	42765366.0
ERR164504_2	44.63017971123312	48.0	93.73199368252502	9.090909090909092	42806976.0
ERR164505_1	58.875855892365685	50.0	92.74892121289085	18.181818181818183	41640746.0
ERR164505_2	57.44915949518635	50.0	92.47158195648625	18.181818181818183	41598483.0
ERR164506_1	49.25326018029007	48.0	93.18164672977377	9.090909090909092	38503743.0
ERR164506_2	48.41119030845731	48.0	92.99173789141261	9.090909090909092	38538104.0
ERR164507_1	52.3085729235962	49.0	93.03338017514254	18.181818181818183	33651561.0
ERR164507_2	51.08465074706219	49.0	92.75199373454258	18.181818181818183	33476247.0
ERR164508_1	44.63571958701387	49.0	93.29100516332524	9.090909090909092	34063320.0
ERR164508_2	43.42905869249042	49.0	92.9209412660509	9.090909090909092	33946534.0
ERR164509_1	47.75015301171054	49.0	93.01726532384285	9.090909090909092	40656463.0
ERR164509_2	46.781482978850995	49.0	92.74165371325117	9.090909090909092	40617344.0
ERR164510_1	43.82964973388033	49.0	93.13897305148602	9.090909090909092	29222205.0
ERR164510_2	42.583502979948975	49.0	92.88423282284516	9.090909090909092	29223335.0
ERR164511_1	44.65151673529554	49.0	94.6952036799584	9.090909090909092	29553595.0
ERR164511_2	44.286848781294076	49.0	94.68883654704798	9.090909090909092	29574810.0
ERR164512_1	48.11493506207217	49.0	94.69154389689518	9.090909090909092	37825272.0
ERR164512_2	47.851417483776316	49.0	94.65193596978274	9.090909090909092	37872931.0
ERR164513_1	48.60993917174283	49.0	94.64506652629784	9.090909090909092	34431196.0
ERR164513_2	48.519528981409934	49.0	94.624207477003	9.090909090909092	34525812.0
ERR164514_1	43.228570210415995	48.0	94.99892880640695	9.090909090909092	33974251.0
ERR164514_2	43.030327703358886	48.0	94.99890440475785	9.090909090909092	34066413.0
ERR164515_1	45.78200064743826	49.0	94.83205908612074	9.090909090909092	29932444.0
ERR164515_2	45.300984247838386	49.0	94.83461973725105	9.090909090909092	30003925.0
ERR164516_1	45.30048618529923	49.0	94.89961810421434	9.090909090909092	32921285.0
ERR164516_2	45.050012709308206	49.0	94.91933240422354	9.090909090909092	33008657.0
ERR164517_1	42.01782131095852	48.0	94.95497493168331	9.090909090909092	29601110.0
ERR164517_2	41.942831601253175	48.0	94.88220782478646	9.090909090909092	29606661.0
ERR164518_1	43.55760536188581	49.0	95.16833230980488	9.090909090909092	34967274.0
ERR164518_2	43.361284388369235	49.0	95.10495394990305	9.090909090909092	34963010.0
ERR164519_1	39.4511834345556	48.0	95.03737099864105	9.090909090909092	32830565.0
ERR164519_2	38.98874266869045	48.0	94.95385123827835	9.090909090909092	32842333.0
ERR164520_1	45.81938378424601	49.0	94.83694824019706	9.090909090909092	33195876.0
ERR164520_2	45.434121192070855	49.0	94.83579164043881	9.090909090909092	33256626.0
ERR164521_1	48.38616243219247	50.0	94.57649481185896	9.090909090909092	34194136.0
ERR164521_2	48.027253806809675	50.0	94.48561345407079	9.090909090909092	34144610.0
ERR164522_1	47.17500654787828	49.0	95.09800528257449	9.090909090909092	35569399.0
ERR164522_2	46.83550986118789	49.0	95.00697401634537	9.090909090909092	35572902.0
ERR164523_1	49.883993101906576	49.0	94.8483000253939	9.090909090909092	31984066.0
ERR164523_2	49.64926926726916	49.0	94.83309721574608	9.090909090909092	32029945.0
ERR164524_1	46.7927647482181	49.0	94.94167181260295	9.090909090909092	27571918.0
ERR164524_2	46.34120883477861	49.0	94.8672292332605	9.090909090909092	27547909.0
ERR164525_1	45.831156184597596	49.0	95.915358948086	9.090909090909092	36360843.0
ERR164525_2	45.54379550897133	49.0	95.93107815965273	9.090909090909092	36267894.0
ERR164526_1	42.3649031818946	47.0	95.85298271863574	9.090909090909092	30003534.0
ERR164526_2	41.869989972941	47.0	95.73317467537406	9.090909090909092	29804997.0
ERR164527_1	45.14779705571084	48.0	96.0835191416069	9.090909090909092	32342478.0
ERR164527_2	44.857808276268194	48.0	96.07926722904902	9.090909090909092	32304119.0
ERR164528_1	49.402134063560666	49.0	95.94642735569056	9.090909090909092	37220190.0
ERR164528_2	49.35194186563275	49.0	95.95960338272073	9.090909090909092	37134842.0
ERR164529_1	50.25518554157387	50.0	95.42311313941606	18.181818181818183	37614769.0
ERR164529_2	49.830358368544516	50.0	95.50085502864152	9.090909090909092	37610436.0
ERR164530_1	42.460983721736056	49.0	95.51485862301965	9.090909090909092	27152617.0
ERR164530_2	41.93633688443038	49.0	95.59400745452795	9.090909090909092	27092527.0
ERR164531_1	45.542513557333244	49.0	95.64465019792392	9.090909090909092	31557074.0
ERR164531_2	45.00231363878772	49.0	96.0206910677005	9.090909090909092	31345120.0
ERR164532_1	55.93472301705166	49.0	95.64923125017124	18.181818181818183	33396105.0
ERR164532_2	55.34496943439141	49.0	96.12759511545532	18.181818181818183	33255505.0
ERR164533_1	48.48372691930488	50.0	95.5929198999172	9.090909090909092	37225180.0
ERR164533_2	47.87083148582052	50.0	96.00467497046527	9.090909090909092	37006437.0
ERR164534_1	47.688481219998515	49.0	95.63947133996182	9.090909090909092	33668064.0
ERR164534_2	46.75433058617049	49.0	96.02955738034154	9.090909090909092	33520156.0
ERR164535_1	49.29572781654746	49.0	93.78774258469265	9.090909090909092	16315642.0
ERR164535_2	47.19869658543646	49.0	94.7580859148042	9.090909090909092	15805169.0
ERR164536_1	50.58998050283232	49.0	95.5493951079519	18.181818181818183	37061737.0
ERR164536_2	49.947372237774644	49.0	96.02129460762059	9.090909090909092	36814954.0
ERR164537_1	42.13442544778177	48.0	94.67975954802314	18.181818181818183	26328251.0
ERR164537_2	42.1207262843205	48.0	94.952920324118	9.090909090909092	26669300.0
ERR164538_1	48.80112946947733	49.0	94.51681288246617	18.181818181818183	33126949.0
ERR164538_2	48.85449399648321	49.0	94.82272473817473	9.090909090909092	33520351.0
ERR164539_1	45.76809396100649	48.0	94.42599536608503	18.181818181818183	48545129.0
ERR164539_2	45.48279865236672	48.0	94.59293288577425	9.090909090909092	48935363.0
ERR164540_1	51.200005832148946	48.0	94.495844223233	27.27272727272727	44436819.0
ERR164540_2	51.017757792692805	48.0	94.63788896871365	18.181818181818183	44773074.0
ERR164541_1	47.634038014233525	49.0	94.31666321305256	18.181818181818183	43543757.0
ERR164541_2	47.16674623433315	49.0	94.35102206075051	9.090909090909092	43721178.0
ERR164542_1	46.116908880808985	48.0	94.27674528435523	18.181818181818183	47051201.0
ERR164542_2	45.829221611275706	48.0	94.46257231314011	9.090909090909092	47389036.0
ERR164543_1	45.35381733114583	48.0	93.70501386801486	9.090909090909092	40369152.0
ERR164543_2	44.75986254173584	48.0	93.41583498813166	9.090909090909092	40504432.0
ERR164544_1	51.400555052045775	50.0	93.67536605355996	18.181818181818183	41914563.0
ERR164544_2	50.91769665516057	50.0	93.302873125931	18.181818181818183	41990850.0
ERR164545_1	47.30394974539266	48.0	93.90166785957572	9.090909090909092	48288118.0
ERR164545_2	46.87846411288346	48.0	93.62906492685184	9.090909090909092	48456038.0
ERR164546_1	48.450322381565606	48.0	93.75379588828748	9.090909090909092	35356217.0
ERR164546_2	47.350041430932954	48.0	93.31747494392219	9.090909090909092	35389218.0
ERR164547_1	41.915646004451155	48.0	93.91063505174434	9.090909090909092	34458074.0
ERR164547_2	41.09869645413693	48.0	93.36414347578452	9.090909090909092	34229832.0
ERR164548_1	45.4503837610786	48.0	93.95375143846466	9.090909090909092	36831805.0
ERR164548_2	44.77486628579087	48.0	93.58026885370917	9.090909090909092	36806113.0
ERR164549_1	45.38346964103299	48.0	93.83151579211085	9.090909090909092	43092466.0
ERR164549_2	45.284776490526305	48.0	93.56438394724645	9.090909090909092	43227126.0
ERR164550_1	39.146165490076946	47.0	90.40374483968812	9.090909090909092	33955312.0
ERR164550_2	40.72560220681499	47.0	92.41227194381217	18.181818181818183	33342167.0
ERR164551_1	43.69967197436103	47.0	90.7600306652287	9.090909090909092	47125688.0
ERR164551_2	45.13272212236319	47.0	92.51159434344706	18.181818181818183	45783360.0
ERR164552_1	47.356611462678146	47.0	90.42288618786587	9.090909090909092	36546235.0
ERR164552_2	48.90978116387325	47.0	92.41393237277977	18.181818181818183	35633758.0
ERR164554_1	42.789280741321164	47.0	91.12544382043373	9.090909090909092	35129917.0
ERR164554_2	44.33942959746834	47.0	93.05880154078368	18.181818181818183	34392109.0
ERR164556_1	40.93009329530499	47.0	91.46961990882319	9.090909090909092	40752906.0
ERR164556_2	42.731408590724385	47.0	93.73741597368945	18.181818181818183	40285596.0
ERR164558_1	38.943141004008766	47.0	91.50163758523875	9.090909090909092	33423909.0
ERR164558_2	41.02766703427996	47.0	93.91262175742338	18.181818181818183	33280825.0
ERR164559_1	38.14498809199299	46.0	91.49175090544283	9.090909090909092	40350974.0
ERR164559_2	39.64156256438813	46.0	93.72743771874681	18.181818181818183	39926581.0
ERR164560_1	38.71555332203366	47.0	91.97182336670073	18.181818181818183	33166702.0
ERR164560_2	31.169477821170474	46.0	90.107792676763	18.181818181818183	27562429.0
ERR164561_1	42.745512105339536	46.0	92.17384348066832	18.181818181818183	30947321.0
ERR164561_2	34.52549368362358	46.0	90.43602115632629	18.181818181818183	26035333.0
ERR164563_1	46.37122500138039	49.0	91.07604159177681	18.181818181818183	35774764.0
ERR164563_2	38.385885661296804	48.0	89.08625727337628	18.181818181818183	29627403.0
ERR164565_1	38.32614910705661	47.0	91.46108497087084	18.181818181818183	34883425.0
ERR164565_2	30.571733445288757	47.0	90.75517402185648	18.181818181818183	28747366.0
ERR164566_1	39.2486248589873	47.0	91.5379052093335	18.181818181818183	34068101.0
ERR164566_2	31.54188003539025	47.0	90.91639166292843	18.181818181818183	28099315.0
ERR164567_1	42.6495605067548	47.0	91.72558891305677	18.181818181818183	39602620.0
ERR164567_2	34.68735357033597	47.0	91.09850240161158	18.181818181818183	32730938.0
ERR164568_1	43.22485190858003	47.0	91.43110049015125	18.181818181818183	35918913.0
ERR164568_2	35.140931313112205	47.0	90.88388985992151	18.181818181818183	29624820.0
ERR164569_1	45.6706316712709	49.0	91.10548461034907	18.181818181818183	33173332.0
ERR164569_2	37.38345830324299	48.0	90.45103421674438	18.181818181818183	27216587.0
ERR164570_1	39.581842025133355	48.0	91.29738611974207	18.181818181818183	29801939.0
ERR164570_2	32.11190342345964	47.0	90.73075506771738	18.181818181818183	24625288.0
ERR164571_1	42.885136404777604	48.0	93.61394547520739	18.181818181818183	33477468.0
ERR164571_2	35.13951510995959	47.0	90.44818208441666	18.181818181818183	27962327.0
ERR164573_1	37.54669698851624	47.0	93.71775710432475	18.181818181818183	31408826.0
ERR164573_2	30.794947632466545	46.0	90.58966669762904	18.181818181818183	26472989.0
ERR164574_1	39.70902650155931	47.0	93.86664097598286	18.181818181818183	37497380.0
ERR164574_2	32.482152174168405	46.0	90.74827503837237	18.181818181818183	31338958.0
ERR164577_1	48.923094737134434	49.0	91.77119014585982	9.090909090909092	46492377.0
ERR164577_2	31.619166637874358	48.0	88.35339851611538	9.090909090909092	30271491.0
ERR164578_1	44.8262217727163	49.0	91.37098206927017	9.090909090909092	45663897.0
ERR164578_2	28.32381647287393	48.0	87.92541132312127	9.090909090909092	29939236.0
ERR164579_1	42.92183910684595	48.0	91.842822397854	9.090909090909092	44871406.0
ERR164579_2	26.641539681197926	47.0	88.35694562479009	9.090909090909092	29436999.0
ERR164580_1	44.95034973056163	48.0	93.08588626598744	18.181818181818183	47779234.0
ERR164580_2	36.59639150596515	47.0	90.40645947231614	18.181818181818183	38959653.0
ERR164582_1	52.41606040129892	48.0	92.9504233187894	27.27272727272727	50969507.0
ERR164582_2	43.56129293805901	48.0	90.24428626776717	18.181818181818183	41503520.0
ERR164583_1	49.32686761271208	49.0	93.60860419924495	9.090909090909092	45851100.0
ERR164583_2	41.46947764905685	48.0	90.38211725370014	18.181818181818183	38249181.0
ERR164584_1	47.164312653832475	49.0	93.68665090795169	9.090909090909092	46542289.0
ERR164584_2	39.76831065014559	49.0	90.74487160971842	18.181818181818183	39177498.0
ERR164585_1	42.656391235253544	48.0	93.89476394130251	9.090909090909092	38723229.0
ERR164585_2	35.84965755089934	47.0	90.84519536580707	18.181818181818183	32541416.0
ERR164587_1	63.243754673984576	50.0	91.2301565627259	9.090909090909092	41461529.0
ERR164587_2	39.64102788566951	49.0	87.65976575703982	9.090909090909092	26909496.0
ERR164588_1	50.765611163798845	50.0	94.45090042215143	9.090909090909092	20986545.0
ERR164588_2	48.7653669727021	50.0	93.8778499115423	9.090909090909092	20750030.0
ERR164589_1	66.38018004515934	50.0	95.17337643777041	18.181818181818183	101901961.0
ERR164589_2	64.83878718117629	50.0	94.42694978918792	18.181818181818183	101823149.0
ERR164590_1	55.917532639943545	50.0	96.01514307901527	18.181818181818183	24443906.0
ERR164590_2	54.39092990094602	50.0	95.019378905241	18.181818181818183	24467120.0
ERR164591_1	48.820190234784434	50.0	95.62315791295046	9.090909090909092	38259389.0
ERR164591_2	47.26256156022354	50.0	94.60254182111888	9.090909090909092	38311744.0
ERR164593_1	53.08815460932885	49.0	95.95598045194438	18.181818181818183	37833328.0
ERR164593_2	51.798777397677746	49.0	95.04082737246834	18.181818181818183	37816100.0
ERR164594_1	54.85574351764569	51.0	95.73805517109051	18.181818181818183	33313244.0
ERR164594_2	52.36885846828794	51.0	94.58321079472508	18.181818181818183	33205181.0
ERR164595_1	50.237512544342664	49.0	92.70588877635747	27.27272727272727	49433105.0
ERR164595_2	47.62197418447591	49.0	92.04425384622276	18.181818181818183	48666188.0
ERR164597_1	47.34815858730482	49.0	92.81756005340063	18.181818181818183	30827355.0
ERR164597_2	37.52319445267355	48.0	90.13446573008389	18.181818181818183	24879737.0
ERR164599_1	49.05161983339755	48.0	92.70820605842434	18.181818181818183	32329297.0
ERR164599_2	40.547624483049795	47.0	90.28257432661826	18.181818181818183	26412173.0
ERR164600_1	56.82439118304839	48.0	93.11491527185876	27.27272727272727	85738987.0
ERR164600_2	54.59251731545538	48.0	92.32557780854219	27.27272727272727	85234851.0
ERR164601_1	48.24270203086647	48.0	93.13543828793051	18.181818181818183	54064254.0
ERR164601_2	46.381868618433074	48.0	92.46741621954064	18.181818181818183	53956078.0
ERR164602_1	50.059056228059085	47.0	92.65643510143869	27.27272727272727	50455949.0
ERR164602_2	48.77858671713485	47.0	92.2287777563375	18.181818181818183	51211998.0
ERR164603_1	46.38952402317587	48.0	92.68294529471329	18.181818181818183	55793072.0
ERR164603_2	45.10018872716961	48.0	92.06292930450061	18.181818181818183	56365441.0
ERR164604_1	45.05251279304968	48.0	92.44204468261051	18.181818181818183	45583505.0
ERR164604_2	43.5602298183799	48.0	91.76421305258253	18.181818181818183	46017560.0
ERR164605_1	46.996501123252045	47.0	92.46646953732922	18.181818181818183	47865698.0
ERR164605_2	45.72387013061208	47.0	91.99630068809303	18.181818181818183	48331691.0
ERR164606_1	45.82532681329271	48.0	94.81854149206036	9.090909090909092	59973016.0
ERR164606_2	44.52828911729526	48.0	93.76604450213414	9.090909090909092	60066962.0
ERR164607_1	45.84375650415298	47.0	94.60101832315992	9.090909090909092	56602464.0
ERR164607_2	44.36462073070474	47.0	93.62877299834877	9.090909090909092	56801741.0
ERR164608_1	49.25120617818758	48.0	94.54580011642511	9.090909090909092	55683865.0
ERR164608_2	47.60273088794883	48.0	93.47629344713286	9.090909090909092	55709660.0
ERR164609_1	57.63188402231873	48.0	94.2035030388202	18.181818181818183	52387601.0
ERR164609_2	55.95640835430986	48.0	93.40729918175101	18.181818181818183	52363157.0
ERR164610_1	45.747955887260176	48.0	90.41393100805739	18.181818181818183	49691020.0
ERR164610_2	46.816474716598	48.0	93.8036784988633	9.090909090909092	50468848.0
ERR164611_1	46.8304730317224	48.0	90.41545574764228	18.181818181818183	57500473.0
ERR164611_2	47.80758766615437	48.0	93.82798799442855	9.090909090909092	58450862.0
ERR164612_1	48.33875243200158	48.0	90.44020755042092	18.181818181818183	51042055.0
ERR164612_2	49.79520439394223	48.0	93.93949310570694	9.090909090909092	51904234.0
ERR164613_1	48.56657444431115	48.0	90.56528420275754	18.181818181818183	61143513.0
ERR164613_2	49.63354455383162	48.0	94.00417845844397	9.090909090909092	62187049.0
ERR164614_1	49.33489705129119	48.0	95.40147323897658	9.090909090909092	54104732.0
ERR164614_2	48.319110091534014	48.0	94.53910838617657	9.090909090909092	54216185.0
ERR164615_1	49.56778705284785	48.0	95.62217083998486	9.090909090909092	59452452.0
ERR164615_2	48.1958666789197	48.0	94.6874584614839	9.090909090909092	59547144.0
ERR164616_1	48.45135811974243	48.0	95.46402164936025	9.090909090909092	58027396.0
ERR164616_2	47.252431930332975	48.0	94.52946672582381	9.090909090909092	58150200.0
ERR164617_1	46.605322957575865	48.0	95.38305888564508	9.090909090909092	50653126.0
ERR164617_2	45.21320849878134	48.0	94.44216970830767	9.090909090909092	50640208.0
ERR164618_1	50.68082947257564	49.0	94.85355873468436	27.27272727272727	46116967.0
ERR164618_2	49.18458230020414	49.0	93.62487006284093	27.27272727272727	45808682.0
ERR164619_1	53.801598479732824	50.0	94.66690372572943	27.27272727272727	61880500.0
ERR164619_2	52.79928107689214	49.0	93.41527490372238	36.36363636363637	61686451.0
ERR164620_1	57.535373887684884	48.0	94.87247560017836	18.181818181818183	55674075.0
ERR164620_2	56.56533587807751	48.0	93.75724098275187	27.27272727272727	55546880.0
ERR164621_1	53.476266082074204	48.0	94.92379381456107	18.181818181818183	61174155.0
ERR164621_2	52.3978923257192	48.0	93.7692750193846	27.27272727272727	61129731.0
ERR164622_1	42.18132338574916	48.0	94.8818258738727	9.090909090909092	31712771.0
ERR164622_2	35.80253651154702	47.0	91.54981029669311	18.181818181818183	27525614.0
ERR164623_1	43.47795783132674	48.0	94.87451108354765	9.090909090909092	32144807.0
ERR164623_2	36.71186607997111	47.0	91.50298533476585	18.181818181818183	27872586.0
ERR164624_1	40.76878341347442	49.0	94.5038460614877	9.090909090909092	38478844.0
ERR164624_2	33.20302522881681	48.0	90.91395261358865	18.181818181818183	33347788.0
ERR164625_1	41.14626481525148	48.0	94.91009404153246	9.090909090909092	32909821.0
ERR164625_2	34.637575474868726	47.0	91.6088226614809	18.181818181818183	28604203.0
ERR164626_1	39.64445125896757	48.0	94.8287782536685	9.090909090909092	32684207.0
ERR164626_2	33.093764451234506	47.0	91.51491128456904	18.181818181818183	28425720.0
ERR164627_1	39.591286383631775	46.0	95.17086659047222	9.090909090909092	35286910.0
ERR164627_2	33.23637577676945	46.0	91.95273730524397	18.181818181818183	30753092.0
ERR164628_1	43.922445676734434	48.0	95.01104673839808	9.090909090909092	34449897.0
ERR164628_2	37.60368638608658	47.0	91.67323395823364	18.181818181818183	30259760.0
ERR164629_1	37.92984932883968	48.0	95.11675003701674	9.090909090909092	30135014.0
ERR164629_2	31.956713288452605	47.0	91.82317416820429	18.181818181818183	26425449.0
ERR164630_1	41.75703085976431	48.0	95.19333421515614	9.090909090909092	30164790.0
ERR164630_2	35.484618099186775	47.0	91.91315287956422	18.181818181818183	26542089.0
ERR164631_1	61.06800843167315	48.0	95.03978622012662	18.181818181818183	33730397.0
ERR164631_2	52.66923631014537	47.0	91.85301938364968	27.27272727272727	29690745.0
ERR164632_1	40.51180898943974	48.0	95.27232592750649	9.090909090909092	33255886.0
ERR164632_2	33.93906989637905	47.0	92.09244203857205	18.181818181818183	29313460.0
ERR164633_1	48.463574595617246	48.0	95.01842106256208	9.090909090909092	36304909.0
ERR164633_2	41.489986480829934	48.0	91.69103201862289	18.181818181818183	31919424.0
ERR164634_1	38.62018299376763	48.0	91.44479498222675	18.181818181818183	30109292.0
ERR164634_2	31.570185868896502	48.0	89.50103929290881	18.181818181818183	24892405.0
TCGA-38-4625-11A_1	29.809847101651812	51.0	47.820452212164575	9.090909090909092	83780453.0
TCGA-38-4625-11A_2	30.0112399437308	51.0	47.71168465162962	9.090909090909092	82686205.0
TCGA-38-4626-11A_1	32.28979636648076	51.0	47.81865134452323	9.090909090909092	88658788.0
TCGA-38-4626-11A_2	35.5502444659768	51.0	47.70975034414772	9.090909090909092	87569227.0
TCGA-38-4627-11A_1	24.08369789409494	50.0	47.81403501170225	18.181818181818183	54235295.0
TCGA-38-4627-11A_2	25.446749705721487	50.0	47.70492516908727	9.090909090909092	53602647.0
TCGA-38-4632-11A_1	21.760211006053282	50.0	47.889102166438754	9.090909090909092	35374875.0
TCGA-38-4632-11A_2	19.429850955434986	50.0	46.49053114895421	18.181818181818183	35032075.0
TCGA-44-2655-11A_1	30.73394805257162	51.0	47.838667646903275	9.090909090909092	88340576.0
TCGA-44-2655-11A_2	30.267675902764893	50.0	47.71700993043765	9.090909090909092	86631630.0
TCGA-44-2657-11A_1	23.973919305402504	51.0	47.815856425320625	9.090909090909092	56383591.0
TCGA-44-2657-11A_2	21.181675397979546	51.0	47.36639352131797	18.181818181818183	55391266.0
TCGA-44-2661-11A_1	26.718609460906222	51.0	47.8387759855284	9.090909090909092	62590992.0
TCGA-44-2661-11A_2	25.28072118464553	51.0	47.04817579520574	18.181818181818183	61975251.0
TCGA-44-2662-11A_1	21.67765001227356	51.0	47.68236453298092	18.181818181818183	66828148.0
TCGA-44-2662-11A_2	26.666472488623867	51.0	46.47244781170386	18.181818181818183	66131063.0
TCGA-44-2665-11A_1	29.0428622453706	51.0	47.82482083874387	9.090909090909092	82845339.0
TCGA-44-2665-11A_2	30.75419733453343	51.0	47.71919183801272	9.090909090909092	81401156.0
TCGA-44-2668-11A_1	25.689472371159525	51.0	47.8415292386898	18.181818181818183	75971188.0
TCGA-44-2668-11A_2	25.935237177455278	51.0	47.44237006160284	18.181818181818183	75060665.0
TCGA-44-3396-11A_1	29.314762978049174	51.0	47.86308575501402	9.090909090909092	94777187.0
TCGA-44-3396-11A_2	29.996974676476427	51.0	47.432808806446886	18.181818181818183	93848065.0
TCGA-44-3398-11B_1	24.435721415960344	50.0	47.7040748816984	9.090909090909092	79160384.0
TCGA-44-3398-11B_2	23.093643172353325	50.0	47.51775545837228	18.181818181818183	75483492.0
TCGA-44-5645-11A_1	23.711437836258455	50.0	47.787610165268326	9.090909090909092	55938002.0
TCGA-44-5645-11A_2	23.852993653661414	50.0	47.662591462321934	9.090909090909092	55216863.0
TCGA-44-6144-11A_1	23.204137586196467	50.0	47.90375765938397	9.090909090909092	47191132.0
TCGA-44-6144-11A_2	22.06508124178478	50.0	46.841666093227104	18.181818181818183	46851784.0
TCGA-44-6145-11A_1	22.356579372749636	50.0	47.8037248471332	9.090909090909092	44143825.0
TCGA-44-6145-11A_2	24.96080257955174	49.0	46.2244014137124	18.181818181818183	43845976.0
TCGA-44-6146-11A_1	18.60101426180381	50.0	47.80350597220943	9.090909090909092	36701660.0
TCGA-44-6146-11A_2	16.387876885525827	50.0	46.239704105772724	18.181818181818183	36472087.0
TCGA-44-6147-11A_1	19.700134502103168	49.0	47.73103283682204	9.090909090909092	55840757.0
TCGA-44-6147-11A_2	20.431347341423432	49.0	46.0415661966808	18.181818181818183	55272726.0
TCGA-44-6148-11A_1	23.313700803123155	49.0	47.753189425906534	9.090909090909092	64063175.0
TCGA-44-6148-11A_2	23.670085010227154	49.0	46.08123107873877	18.181818181818183	63409819.0
TCGA-44-6776-11A_1	22.387639220900027	48.0	47.84777409985559	9.090909090909092	41892917.0
TCGA-44-6776-11A_2	22.40163887200029	48.0	47.75420334147696	9.090909090909092	41479083.0
TCGA-44-6777-11A_1	23.028334593744532	51.0	47.90936013578586	9.090909090909092	38482946.0
TCGA-44-6777-11A_2	18.657118091556327	51.0	46.41072684045384	18.181818181818183	38239685.0
TCGA-44-6778-11A_1	21.231160404163163	49.0	47.898862413779696	9.090909090909092	48322579.0
TCGA-44-6778-11A_2	21.567375984669113	49.0	47.838648074935755	9.090909090909092	48033254.0
TCGA-49-4490-11A_1	24.72045623401111	49.0	47.89260065417782	9.090909090909092	45820875.0
TCGA-49-4490-11A_2	26.66241820396833	49.0	47.689377667855325	18.181818181818183	45431624.0
TCGA-49-4512-11A_1	27.004258150046596	49.0	47.88882885737767	9.090909090909092	40587943.0
TCGA-49-4512-11A_2	26.21281310932237	48.0	47.66593839566639	18.181818181818183	40254246.0
TCGA-49-6742-11A_1	23.571651451936233	50.0	47.89624995826827	9.090909090909092	53077116.0
TCGA-49-6742-11A_2	22.367817616977575	50.0	47.67195666416787	18.181818181818183	52653333.0
TCGA-49-6743-11A_1	23.850483633670294	49.0	47.89673863312933	9.090909090909092	42151069.0
TCGA-49-6743-11A_2	19.05664762395088	49.0	47.90450640572654	18.181818181818183	41891501.0
TCGA-49-6744-11A_1	19.895458377092154	49.0	47.8329012815199	9.090909090909092	41843361.0
TCGA-49-6744-11A_2	21.837623908136635	49.0	47.74528211336971	9.090909090909092	41330317.0
TCGA-49-6745-11A_1	21.83267773420124	50.0	47.908195090692466	9.090909090909092	45293068.0
TCGA-49-6745-11A_2	17.91021329026971	50.0	46.62811149729787	18.181818181818183	45036356.0
TCGA-49-6761-11A_1	21.827835514014794	50.0	47.91380272981978	18.181818181818183	31843201.0
TCGA-49-6761-11A_2	17.88742186104315	50.0	45.81095457259902	18.181818181818183	31576823.0
TCGA-50-5930-11A_1	24.590286384030918	50.0	47.87977523388493	9.090909090909092	39529268.0
TCGA-50-5930-11A_2	24.131383831874075	50.0	46.645294593517114	18.181818181818183	39072703.0
TCGA-50-5931-11A_1	21.260785220083193	50.0	47.83898047567102	9.090909090909092	40550126.0
TCGA-50-5931-11A_2	23.53999178063104	50.0	46.29071577659351	18.181818181818183	40324719.0
TCGA-50-5932-11A_1	20.908977006609845	49.0	47.858365600784566	9.090909090909092	34099894.0
TCGA-50-5932-11A_2	18.756318515985342	49.0	46.41163342110483	18.181818181818183	33662789.0
TCGA-50-5933-11A_1	20.8112955190703	50.0	47.87556115268338	9.090909090909092	52096561.0
TCGA-50-5933-11A_2	19.601630186302984	50.0	47.33629491148116	18.181818181818183	51764631.0
TCGA-50-5935-11A_1	20.770761966441214	50.0	47.83875546362756	9.090909090909092	37327764.0
TCGA-50-5935-11A_2	22.602352432022045	50.0	46.28104429687767	18.181818181818183	37065705.0
TCGA-50-5936-11A_1	22.423144712475278	50.0	47.926450816460274	9.090909090909092	42156797.0
TCGA-50-5936-11A_2	22.852917098171133	50.0	47.86971107463853	9.090909090909092	42003547.0
TCGA-50-5939-11A_1	21.71135713777238	50.0	47.89020980693748	18.181818181818183	43769811.0
TCGA-50-5939-11A_2	24.813149004932043	50.0	47.839442509098376	9.090909090909092	43511598.0
TCGA-50-6595-11A_1	31.841899725255843	49.0	47.88085183626284	9.090909090909092	77428730.0
TCGA-50-6595-11A_2	34.26730804800299	49.0	46.86794828721171	18.181818181818183	75344922.0
TCGA-55-6968-11A_1	21.171750944787604	51.0	47.91507379011552	9.090909090909092	37952983.0
TCGA-55-6968-11A_2	21.31598443917359	51.0	47.82652665158531	9.090909090909092	37501484.0
TCGA-55-6969-11A_1	22.338852179655362	50.0	47.85237166546489	9.090909090909092	37520785.0
TCGA-55-6969-11A_2	24.1657999656192	50.0	46.211965178045055	18.181818181818183	37271773.0
TCGA-55-6970-11A_1	21.35831145309392	48.0	47.89610489454734	9.090909090909092	36498370.0
TCGA-55-6970-11A_2	23.08754235453104	48.0	47.85272498056004	9.090909090909092	36142056.0
TCGA-55-6971-11A_1	21.290745626625238	49.0	47.87589532802367	9.090909090909092	45548390.0
TCGA-55-6971-11A_2	25.775105828865705	49.0	47.82930831960951	9.090909090909092	45181171.0
TCGA-55-6972-11A_1	21.8836856565774	49.0	47.917143611215415	9.090909090909092	35278909.0
TCGA-55-6972-11A_2	22.305055703557684	49.0	47.8692237338197	9.090909090909092	34759327.0
TCGA-55-6975-11A_1	19.623646710503124	50.0	47.9227739681883	9.090909090909092	32970890.0
TCGA-55-6975-11A_2	23.287137777495744	50.0	47.89678326885726	9.090909090909092	32718339.0
TCGA-55-6978-11A_1	20.486407286057045	49.0	47.90359543842723	9.090909090909092	35638936.0
TCGA-55-6978-11A_2	19.071626921730484	49.0	46.34535521070989	18.181818181818183	35225613.0
TCGA-55-6979-11A_1	22.007649833418057	49.0	47.91963971691842	18.181818181818183	29718076.0
TCGA-55-6979-11A_2	20.867255079436106	49.0	46.894241360032126	18.181818181818183	29533067.0
TCGA-55-6980-11A_1	18.65285890631675	50.0	47.91504466388104	9.090909090909092	30677249.0
TCGA-55-6980-11A_2	21.1579735996456	50.0	47.8376749959074	9.090909090909092	30439069.0
TCGA-55-6981-11A_1	18.471420645641217	49.0	47.87640950922663	9.090909090909092	30513901.0
TCGA-55-6981-11A_2	16.606330736471477	49.0	46.884237171695226	18.181818181818183	30362527.0
TCGA-55-6982-11A_1	20.189038367015627	49.0	47.87932143154583	9.090909090909092	37870726.0
TCGA-55-6982-11A_2	22.648320635362182	49.0	47.849904667881034	9.090909090909092	37299601.0
TCGA-55-6983-11A_1	21.541660402903673	49.0	47.88991840709266	9.090909090909092	34380807.0
TCGA-55-6983-11A_2	25.601477205127495	49.0	47.84625463462962	9.090909090909092	34140808.0
TCGA-55-6984-11A_1	34.80741656328554	49.0	47.86250786149404	9.090909090909092	81969152.0
TCGA-55-6984-11A_2	42.964708356083435	49.0	47.809920037662195	9.090909090909092	80768524.0
TCGA-55-6985-11A_1	36.44951405241535	48.0	47.86989268577823	9.090909090909092	74342523.0
TCGA-55-6985-11A_2	44.04475186491803	48.0	47.83514539758884	9.090909090909092	73634990.0
TCGA-55-6986-11A_1	33.04128713458822	49.0	47.85072180673423	9.090909090909092	99826791.0
TCGA-55-6986-11A_2	39.448268921702635	49.0	46.58296536834958	18.181818181818183	96164721.0
TCGA-73-4676-11A_1	28.00030433460185	50.0	47.84601344167436	18.181818181818183	38076804.0
TCGA-73-4676-11A_2	30.379793344910908	50.0	47.838803584164744	18.181818181818183	37814110.0
TCGA-91-6828-11A_1	20.294407165004586	49.0	47.88190652143844	9.090909090909092	43421678.0
TCGA-91-6828-11A_2	20.195901910645205	49.0	47.812706801631045	9.090909090909092	43104411.0
TCGA-91-6829-11A_1	30.8880678119948	49.0	47.8602302205025	9.090909090909092	47124908.0
TCGA-91-6829-11A_2	37.540066800574365	49.0	47.7958277636171	9.090909090909092	46715426.0
TCGA-91-6831-11A_1	19.30910626355349	48.0	47.821332531008004	9.090909090909092	25485921.0
TCGA-91-6831-11A_2	21.474985793080393	48.0	47.73428655071961	9.090909090909092	25246637.0
TCGA-91-6835-11A_1	21.142479808918665	49.0	47.814412943160605	9.090909090909092	42864708.0
TCGA-91-6835-11A_2	23.342762829464576	49.0	47.73135757616501	9.090909090909092	42483156.0
TCGA-91-6836-11A_1	24.922987804998215	49.0	47.869788415414554	9.090909090909092	36703808.0
TCGA-91-6836-11A_2	25.50737100738631	49.0	47.47935949400146	18.181818181818183	36369433.0
TCGA-91-6847-11A_1	22.688219178060166	50.0	47.91784522467348	9.090909090909092	36289686.0
TCGA-91-6847-11A_2	23.126327342737795	50.0	45.75477275671896	18.181818181818183	36013254.0
TCGA-91-6849-11A_1	21.214473820147077	49.0	47.82441103573771	9.090909090909092	36903088.0
TCGA-91-6849-11A_2	23.508538641160555	49.0	46.32191926962568	18.181818181818183	36641376.0